 FORECAST DATE (16070300)  WA02    TYPHOON - NEPARTAK           PS       
 TYPHOON - NEPARTAK       TYPHOON - NEPARTAK           PSmin  Vmax(m/s) speed(km/hr)
  0     8.900   145.200   998.000  -999.000  -999.000
  6     8.885   144.655  -999.000  -999.000     9.970
 12     9.260   144.082  -999.000  -999.000    12.563
 18    10.182   143.196  -999.000  -999.000    23.520
 24    10.715   141.972  -999.000  -999.000    24.385
 30    11.334   140.866  -999.000  -999.000    23.119
 36    11.931   139.736  -999.000  -999.000    23.304
 42    12.646   138.369  -999.000  -999.000    28.058
 48    13.029   136.851  -999.000  -999.000    28.305
 54    13.528   135.386  -999.000  -999.000    27.965
 60    14.024   133.574   978.764    37.060    33.892
 66    14.366   132.027   973.401    34.031    28.490
 72    14.375   130.422   969.593    39.667    28.799
 78    14.617   129.580   953.335    44.073    15.742
 84    15.117   128.952   952.347    45.248    14.569
 90    16.094   128.234   951.072    38.197    22.162
 96    17.197   127.279   950.295    41.148    26.545
102    18.210   126.078   944.714    42.433    28.305
108    19.164   125.119   936.273    47.428    24.385
114    19.741   124.191   928.699    47.885    19.415
120    20.481   123.557   924.060    50.653    17.594
 FORECAST DATE (16070306)  WA02    TYPHOON - NEPARTAK           PS       
 TYPHOON - NEPARTAK       TYPHOON - NEPARTAK           PSmin  Vmax(m/s) speed(km/hr)
  0     9.300   144.900   998.000  -999.000  -999.000
  6     9.549   144.265  -999.000  -999.000    12.501
 12    10.515   143.495  -999.000  -999.000    22.718
 18    11.295   142.320  -999.000  -999.000    25.805
 24    11.981   141.293  -999.000  -999.000    22.533
 30    12.933   140.082  -999.000  -999.000    28.120
 36    13.737   138.389  -999.000  -999.000    33.953
 42    14.278   136.749  -999.000  -999.000    31.114
 48    14.971   134.871  -999.000  -999.000    36.021
 54    15.366   133.144   970.710    42.122    31.731
 60    15.603   131.563   956.924    45.340    28.552
 66    16.029   129.995   959.755    42.398    29.046
 72    16.200   128.523   954.284    44.446    26.391
 78    16.396   127.475   949.340    47.264    18.983
 84    16.858   126.407   944.370    48.360    20.804
 90    17.449   125.648   944.823    48.637    17.316
 96    18.309   125.195   944.147    47.817    17.841
102    19.038   124.142   945.733    45.160    22.872
108    19.784   123.133   937.777    47.769    22.409
114    20.295   122.439   936.319    49.125    15.341
120    20.932   122.021   933.970    47.353    13.828
 FORECAST DATE (16070312)  WA02    TYPHOON - NEPARTAK           PS       
 TYPHOON - NEPARTAK       TYPHOON - NEPARTAK           PSmin  Vmax(m/s) speed(km/hr)
  0    10.000   144.300   998.000  -999.000  -999.000
  6    10.492   143.243  -999.000  -999.000    21.329
 12    11.147   142.388  -999.000  -999.000    19.724
 18    11.869   141.177  -999.000  -999.000    25.712
 24    12.629   139.902  -999.000  -999.000    27.039
 30    13.401   138.415  -999.000  -999.000    30.404
 36    14.247   136.634  -999.000  -999.000    35.682
 42    14.707   134.739  -999.000  -999.000    35.034
 48    15.314   133.354   973.975    40.115    27.194
 54    15.767   131.517   961.953    41.989    33.830
 60    16.058   129.890   962.677    42.123    29.478
 66    16.441   128.312   953.630    47.149    28.953
 72    16.652   127.094   954.784    44.911    21.977
 78    17.251   126.116   951.005    47.029    20.588
 84    17.853   125.295   947.863    47.298    18.273
 90    18.550   124.301   944.952    45.696    21.730
 96    19.149   123.214   945.221    45.514    22.039
102    19.684   122.403   942.322    45.970    17.285
108    20.199   121.790   941.353    45.781    14.322
114    20.764   121.560   938.513    44.901    11.205
120    21.809   121.756   941.224    46.406    19.662
 FORECAST DATE (16070318)  WA02    TYPHOON - NEPARTAK           PS       
 TYPHOON - NEPARTAK       TYPHOON - NEPARTAK           PSmin  Vmax(m/s) speed(km/hr)
  0    10.700   143.500   995.000  -999.000  -999.000
  6    11.467   142.250  -999.000  -999.000    26.792
 12    12.225   141.095  -999.000  -999.000    25.218
 18    12.843   139.575  -999.000  -999.000    29.755
 24    13.399   138.296  -999.000  -999.000    25.249
 30    14.231   137.096  -999.000  -999.000    26.514
 36    15.037   135.132  -999.000  -999.000    38.244
 42    15.475   133.369   979.631    39.237    32.533
 48    16.073   131.610   972.309    38.775    33.243
 54    16.457   129.498   967.409    43.093    38.213
 60    16.833   127.915   955.535    47.353    28.922
 66    16.961   126.357   953.155    49.079    27.718
 72    17.251   125.124   948.092    50.336    22.471
 78    17.591   124.055   946.327    50.534    19.909
 84    17.919   123.163   947.817    45.354    16.853
 90    18.038   122.542   955.465    43.250    11.174
 96    18.530   121.923   956.953    39.964    14.199
102    18.611   121.797   962.599    36.417     2.655
108    19.529   122.223   955.862    42.728    18.551
114    21.139   122.506   956.051    41.752    30.218
120    22.867   122.395   951.794    44.923    32.070
 FORECAST DATE (16070400)  WA02    TYPHOON - NEPARTAK           PS       
 TYPHOON - NEPARTAK       TYPHOON - NEPARTAK           PSmin  Vmax(m/s) speed(km/hr)
  0    11.800   142.000   995.000  -999.000  -999.000
  6    11.999   140.685  -999.000  -999.000    24.107
 12    12.923   139.512  -999.000  -999.000    27.255
 18    13.660   137.945  -999.000  -999.000    31.361
 24    14.558   136.687  -999.000  -999.000    28.058
 30    15.450   135.036  -999.000  -999.000    33.830
 36    16.082   133.041   982.310    36.743    37.441
 42    16.665   131.317   975.924    33.521    32.472
 48    17.285   129.489   973.073    39.380    34.355
 54    18.044   127.503   965.598    44.396    37.750
 60    18.445   125.836   964.437    39.684    30.249
 66    18.725   124.185   959.665    43.233    29.447
 72    18.890   122.723   953.925    46.880    25.805
 78    18.976   121.446   954.774    43.491    22.440
 84    18.753   120.609   960.568    40.839    15.248
 90    18.594   119.990   956.117    43.902    11.266
 96    18.880   119.858   961.725    42.020     5.772
102    19.203   119.808   961.420    42.541     5.988
108    19.825   120.032   963.747    39.148    12.161
114    20.786   119.989   962.197    39.862    17.779
120    21.293   120.381   960.329    41.670    11.575
 FORECAST DATE (16070406)  WA02    TYPHOON - NEPARTAK           PS       
 TYPHOON - NEPARTAK       TYPHOON - NEPARTAK           PSmin  Vmax(m/s) speed(km/hr)
  0    12.700   140.800   995.000  -999.000  -999.000
  6    12.733   139.680  -999.000  -999.000    20.249
 12    13.204   138.772  -999.000  -999.000    18.551
 18    14.005   137.449  -999.000  -999.000    28.058
 24    14.794   136.374  -999.000  -999.000    24.199
 30    15.533   134.917  -999.000  -999.000    29.416
 36    16.712   133.240   982.084    36.742    36.978
 42    17.851   131.354   984.238    34.933    39.448
 48    18.395   129.245   971.482    39.584    38.460
 54    18.992   127.361   966.002    41.739    34.848
 60    19.559   125.829   958.412    44.691    28.768
 66    20.076   124.344   956.749    45.026    27.595
 72    20.452   123.075   951.641    45.652    23.119
 78    20.848   122.437   951.723    43.714    13.273
 84    21.611   122.127   949.766    46.494    15.094
 90    23.104   121.558   963.755    41.661    29.323
 96    24.563   120.266   978.022    26.109    34.787
102    24.471   119.957   979.868    21.656     5.494
108    25.560   120.095   979.326    23.083    20.310
114    26.543   120.200   981.879    21.659    18.304
120    27.083   120.520   980.626    23.174    11.297
 FORECAST DATE (16070412)  WA02    TYPHOON - NEPARTAK           PS       
 TYPHOON - NEPARTAK       TYPHOON - NEPARTAK           PSmin  Vmax(m/s) speed(km/hr)
  0    13.300   139.700   990.000  -999.000  -999.000
  6    13.881   138.240  -999.000  -999.000    28.397
 12    14.731   137.083  -999.000  -999.000    26.051
 18    15.479   135.756  -999.000  -999.000    27.471
 24    16.292   134.115  -999.000  -999.000    32.873
 30    17.277   132.520   982.020    33.401    33.645
 36    18.273   130.947   977.937    35.839    33.305
 42    19.144   129.094   967.068    41.270    36.299
 48    19.890   127.416   959.953    45.439    32.379
 54    20.534   125.706   953.672    46.411    32.040
 60    21.133   124.023   952.381    47.677    31.175
 66    21.419   122.586   947.534    45.580    25.372
 72    21.789   121.772   953.399    44.932    15.588
 78    22.431   121.156   967.525    40.864    15.927
 84    23.694   120.028   984.054    23.462    30.280
 90    23.673   119.553   984.291    19.598     8.056
 96    24.062   119.923   986.896    18.028     9.538
102    25.472   119.864   986.625    19.024    26.113
108    26.307   119.695   989.006    18.872    15.711
114    26.622   120.186   988.349    18.362    10.001
120    27.971   121.445   988.336    20.810    32.472
 FORECAST DATE (16070418)  WA02    TYPHOON - NEPARTAK           PS       
 TYPHOON - NEPARTAK       TYPHOON - NEPARTAK           PSmin  Vmax(m/s) speed(km/hr)
  0    14.400   138.300   980.000  -999.000  -999.000
  6    14.963   137.079  -999.000  -999.000    24.230
 12    15.839   135.803  -999.000  -999.000    27.965
 18    16.846   134.146   986.804    33.436    34.848
 24    17.703   132.427   978.231    35.253    34.293
 30    18.674   130.856   974.186    37.979    32.966
 36    19.705   129.280   962.973    44.529    33.521
 42    20.670   127.538   960.832    46.276    35.157
 48    21.459   125.818   956.039    45.369    33.120
 54    22.132   124.266   955.164    45.614    29.447
 60    22.664   123.059   947.816    45.463    22.903
 66    23.325   122.092   953.982    45.412    20.526
 72    23.853   120.364   976.563    32.487    30.928
 78    23.998   119.897   982.028    25.497     8.334
 84    24.267   119.485   981.148    26.294     8.581
 90    24.438   119.437   983.131    24.649     3.148
 96    25.302   119.658   984.574    22.909    16.421
102    26.597   119.637   989.814    20.113    23.983
108    26.977   119.591   990.866    15.927     7.038
114    27.507   120.191   992.892    18.425    13.921
120    28.075   120.893   989.755    18.831    15.588
 FORECAST DATE (16070500)  WA02    TYPHOON - NEPARTAK           PS       
 TYPHOON - NEPARTAK       TYPHOON - NEPARTAK           PSmin  Vmax(m/s) speed(km/hr)
  0    15.200   136.500   970.000  -999.000  -999.000
  6    15.897   134.997  -999.000  -999.000    29.755
 12    16.802   133.478   989.162    33.293    31.762
 18    17.919   131.781   981.283    37.050    36.423
 24    18.780   129.917   973.810    41.234    36.423
 30    19.713   128.477   969.257    44.465    30.558
 36    20.390   126.780   966.367    40.993    32.070
 42    20.967   125.355   956.461    44.506    26.916
 48    21.309   123.968   954.603    45.191    24.786
 54    21.554   122.993   943.022    47.165    17.409
 60    21.928   122.392   944.967    47.481    12.439
 66    22.719   121.666   951.517    43.752    19.230
 72    23.451   120.350   979.128    28.085    26.206
 78    24.452   120.592   982.946    28.588    18.983
 84    25.067   120.358   983.610    26.413    12.038
 90    24.536   120.213   982.361    23.017    10.124
 96    25.873   119.977   983.478    24.273    25.095
102    26.713   119.936   982.454    22.836    15.557
108    27.591   120.406   985.413    21.497    18.026
114    29.015   120.887   984.736    23.164    27.502
120    29.718   122.030   983.146    23.926    22.594
 FORECAST DATE (16070506)  WA02    TYPHOON - NEPARTAK           PS       
 TYPHOON - NEPARTAK       TYPHOON - NEPARTAK           PSmin  Vmax(m/s) speed(km/hr)
  0    16.200   135.000   955.000  -999.000  -999.000
  6    17.287   133.258   984.696    37.997    36.855
 12    18.097   131.461   973.795    39.144    35.065
 18    18.903   129.537   968.284    42.758    36.947
 24    19.624   127.883   961.902    43.934    31.854
 30    20.160   126.479   965.459    41.803    26.391
 36    20.520   124.945   965.588    39.444    27.440
 42    20.703   123.663   961.040    42.609    22.471
 48    20.839   122.714   954.429    44.195    16.637
 54    21.254   121.954   955.993    43.634    15.217
 60    21.529   121.284   961.321    42.670    12.624
 66    21.861   120.652   967.764    35.659    12.501
 72    22.308   119.960   970.041    32.409    14.446
 78    22.642   119.644   973.572    30.598     8.211
 84    23.143   119.372   973.474    28.738    10.371
 90    23.802   119.354   975.050    31.621    12.192
 96    24.589   119.519   971.471    32.858    14.847
102    25.497   119.969   972.567    30.803    18.427
108    26.533   120.488   969.353    33.811    21.020
114    27.525   121.329   970.711    34.445    23.027
120    28.364   122.444   971.219    36.020    23.953
 FORECAST DATE (16070512)  WA02    TYPHOON - NEPARTAK           PS       
 TYPHOON - NEPARTAK       TYPHOON - NEPARTAK           PSmin  Vmax(m/s) speed(km/hr)
  0    16.860   133.514   983.111    33.779  -999.000
  6    17.610   131.818   968.931    42.407    33.058
 12    18.369   130.304   962.988    44.807    30.157
 18    19.257   128.828   961.951    42.810    30.651
 24    19.844   127.287   964.676    40.692    29.015
 30    20.223   125.842   959.036    42.708    26.113
 36    20.605   124.600   958.792    42.267    22.687
 42    20.792   123.568   952.930    45.093    18.211
 48    21.039   122.901   951.381    44.594    12.408
 54    21.486   122.357   952.149    46.862    12.532
 60    22.040   121.708   957.012    42.384    15.156
 66    22.472   121.118   968.118    32.990    12.902
 72    23.743   120.393   980.518    26.431    26.576
 78    24.531   120.179   982.513    25.821    15.032
 84    24.827   120.326   982.679    27.440     6.019
 90    25.625   120.482   979.652    29.726    15.001
 96    26.598   120.829   981.395    26.833    18.921
102    27.781   121.288   978.850    26.483    23.181
108    29.057   122.356   980.225    26.036    29.354
114    30.467   123.284   977.064    28.810    30.064
120    31.573   124.937   979.739    24.112    33.274
 FORECAST DATE (16070518)  WA02    TYPHOON - NEPARTAK           PS       
 TYPHOON - NEPARTAK       TYPHOON - NEPARTAK           PSmin  Vmax(m/s) speed(km/hr)
  0    17.936   131.640   972.982    39.190  -999.000
  6    18.596   130.106   967.278    41.529    29.601
 12    19.264   128.712   964.803    41.514    27.379
 18    19.898   127.176   965.624    37.903    29.262
 24    20.383   126.042   961.516    41.942    21.668
 30    20.991   124.915   959.393    43.836    22.533
 36    21.186   123.777   948.964    45.256    20.002
 42    21.436   123.054   942.035    48.922    13.304
 48    21.975   122.242   942.276    48.575    17.193
 54    22.596   121.555   951.137    44.141    16.452
 60    23.229   120.391   973.179    32.307    23.057
 66    23.728   120.217   980.276    27.198     9.692
 72    24.392   120.026   978.816    28.397    12.717
 78    25.137   119.760   979.818    30.734    14.507
 84    25.770   119.641   981.238    23.416    11.884
 90    26.420   120.014   983.661    24.006    13.550
 96    27.846   120.798   982.254    24.612    29.416
102    28.891   121.494   984.436    22.158    22.440
108    30.164   122.218   980.005    25.238    26.298
114    31.224   123.402   981.545    26.166    27.224
120    32.463   124.166   981.183    23.799    25.897
 FORECAST DATE (16070600)  WA02    TYPHOON - NEPARTAK           PS       
 TYPHOON - NEPARTAK       TYPHOON - NEPARTAK           PSmin  Vmax(m/s) speed(km/hr)
  0    18.635   130.031   966.119    42.507  -999.000
  6    19.230   128.639   956.114    49.365    26.761
 12    20.143   127.143   958.407    44.219    31.083
 18    20.818   125.715   952.697    48.357    27.749
 24    21.383   124.417   951.562    49.685    24.755
 30    21.614   123.228   944.383    50.600    20.928
 36    22.017   122.398   946.773    49.875    16.112
 42    22.505   121.473   956.057    43.441    18.242
 48    23.173   120.347   978.722    25.965    22.872
 54    23.306   120.110   983.731    25.127     4.723
 60    23.590   119.933   985.465    25.140     6.050
 66    23.922   119.764   983.982    23.701     6.791
 72    24.846   119.730   983.884    25.831    17.100
 78    25.369   119.644   982.273    24.913     9.692
 84    26.186   120.112   982.495    25.385    17.008
 90    27.415   120.767   979.086    26.268    25.187
 96    28.687   121.337   981.649    23.829    25.342
102    29.788   122.110   977.934    24.068    23.922
108    30.474   123.301   979.266    29.394    22.903
114    32.137   125.235   978.128    26.649    43.429
120    33.181   125.985   980.414    26.009    22.594
 FORECAST DATE (16070606)  WA02    TYPHOON - NEPARTAK           PS       
 TYPHOON - NEPARTAK       TYPHOON - NEPARTAK           PSmin  Vmax(m/s) speed(km/hr)
  0    19.481   128.131   967.196    41.586  -999.000
  6    19.674   126.857   954.889    48.336    22.502
 12    20.397   125.729   953.302    48.256    23.736
 18    21.143   124.406   956.084    48.574    26.761
 24    21.347   123.140   948.805    44.907    22.162
 30    21.582   122.428   950.241    45.391    13.026
 36    22.068   121.651   953.567    44.726    16.112
 42    22.367   120.738   970.171    34.873    16.606
 48    22.969   120.120   979.428    24.294    15.372
 54    23.063   119.894   982.768    21.806     4.229
 60    23.777   119.744   982.733    22.262    13.489
 66    24.426   119.771   984.378    20.831    12.007
 72    24.969   119.588   978.756    24.182    10.526
 78    25.729   120.006   979.296    24.941    15.711
 84    26.673   120.535   977.445    30.000    19.569
 90    27.809   120.812   977.565    27.349    21.545
 96    28.679   121.537   979.236    24.191    19.971
102    29.495   122.548   981.950    26.253    22.286
108    30.798   123.499   982.567    22.406    28.521
114    32.105   124.994   985.613    19.716    33.799
120    33.163   126.959   985.313    19.750    36.392
 FORECAST DATE (16070612)  WA02    TYPHOON - NEPARTAK           PS       
 TYPHOON - NEPARTAK       TYPHOON - NEPARTAK           PSmin  Vmax(m/s) speed(km/hr)
  0    19.938   126.737   962.308    43.154  -999.000
  6    20.245   125.290   959.871    44.969    25.805
 12    20.858   124.135   963.023    42.186    23.027
 18    21.277   123.102   959.094    41.422    19.446
 24    21.635   122.555   961.601    40.839    11.544
 30    22.173   121.699   963.166    42.185    17.748
 36    22.460   120.628   978.620    28.396    19.106
 42    22.597   120.192   983.625    23.240     7.871
 48    22.835   120.012   986.560  -999.000     5.371
 54    23.089   119.633   984.755    22.083     7.994
 60    23.920   119.571   985.873    20.044    15.402
 66    24.577   119.527   982.108    23.678    12.161
 72    25.595   119.420   983.465    20.023    18.952
 78    26.129   119.526   984.413    23.066    10.032
 84    27.259   120.237   987.404    23.240    24.014
 90    28.444   120.190   985.623    18.700    21.946
 96    29.513   120.964   987.736    20.958    23.459
102    30.335   121.839   984.495    20.727    20.712
108    31.093   123.539   986.931    21.472    30.496
114    32.096   125.382   984.577    21.533    34.509
120    33.582   127.527   984.648    21.949    43.275
 FORECAST DATE (16070618)  WA02    TYPHOON - NEPARTAK           PS       
 TYPHOON - NEPARTAK       TYPHOON - NEPARTAK           PSmin  Vmax(m/s) speed(km/hr)
  0    20.770   125.266   969.189    38.946  -999.000
  6    20.891   123.952   963.545    39.711    22.872
 12    21.236   123.250   955.420    46.382    13.705
 18    21.657   122.573   956.990    42.584    14.044
 24    22.163   121.732   959.067    41.262    17.224
 30    22.609   120.568   977.382    31.239    21.576
 36    22.692   120.143   983.463    24.412     7.439
 42    22.780   119.857   984.187  -999.000     5.155
 48    23.062   119.731   982.046    22.148     5.649
 54    23.459   119.135   979.938    28.493    12.532
 60    23.900   118.767   978.689    27.589    10.279
 66    24.077   118.613   979.129    27.822     4.198
 72    24.811   118.588   979.385    25.074    13.581
 78    25.575   118.940   983.768    21.750    15.310
 84    26.596   118.979   985.522    20.003    18.921
 90    27.514   119.589   989.107    20.452    19.755
 96    28.354   119.939   988.550    20.094    16.575
102    29.400   120.942   990.894    19.241    25.280
108    29.990   122.301   987.135    20.692    24.446
114    30.859   123.999   985.629    23.769    31.515
120    31.924   126.029   984.209    25.375    37.657
 FORECAST DATE (16070700)  WA02    TYPHOON - NEPARTAK           PS       
 TYPHOON - NEPARTAK       TYPHOON - NEPARTAK           PSmin  Vmax(m/s) speed(km/hr)
  0    20.923   124.004   968.742    37.097  -999.000
  6    21.149   123.053   963.468    41.421    16.977
 12    21.719   122.549   962.148    40.954    13.674
 18    22.515   121.590   968.059    37.208    22.101
 24    23.026   120.453   987.279    24.469    21.607
 30    23.035   119.837   986.022    23.270    10.495
 36    23.129   119.417   985.867    21.407     7.377
 42    23.495   118.782   984.187    20.629    12.748
 48    23.827   118.300   983.901    23.172    10.217
 54    23.985   117.857   982.582    20.829     8.056
 60    24.256   117.512   986.300    18.474     7.686
 66    24.601   117.546   987.114    17.595     6.389
 72    25.412   117.425   990.007    17.374    15.156
 78    26.544   117.740   989.720    16.359    21.607
 84    27.066   117.634   990.471    14.556     9.816
 90    28.144   117.678   990.200    15.793    19.971
 96    28.448   118.380   992.410    15.408    12.748
102    29.024   119.292   991.810  -999.000    18.242
108    29.270   119.404   991.890    16.083     4.908
114    30.148   121.257   991.367    21.107    33.953
120    30.616   121.235   993.080    18.714     8.674
 FORECAST DATE (16070706)  WA02    TYPHOON - NEPARTAK           PS       
 TYPHOON - NEPARTAK       TYPHOON - NEPARTAK           PSmin  Vmax(m/s) speed(km/hr)
  0    21.318   123.075   940.108    45.265  -999.000
  6    21.746   122.626   952.738    46.062    11.081
 12    22.388   121.691   956.386    46.131    19.971
 18    22.771   120.545   979.206    27.349    20.835
 24    22.629   120.023   983.081    23.608     9.291
 30    22.501   119.706   983.947    24.768     5.926
 36    22.805   119.788   983.869    21.734     5.618
 42    22.991   119.002   982.229    26.777    13.828
 48    23.217   119.070   979.559    25.105     4.167
 54    23.651   118.551   978.281    26.599    11.945
 60    24.083   118.294   975.808    29.175     9.106
 66    24.531   118.189   979.275    26.973     8.488
 72    24.971   117.874   983.543    18.358     9.723
 78    25.548   117.681   988.265    18.479    11.174
 84    26.303   118.221   989.301    21.092    16.606
 90    27.084   118.386   992.343    19.721    14.723
 96    28.085   119.684   991.266    17.036    28.243
102    29.138   119.781   987.911    16.105    19.508
108    29.870   120.204   986.822    20.474    15.186
114    30.433   120.830   990.205    15.853    14.476
120    30.929   121.463   990.042    14.607    13.643
 FORECAST DATE (16070712)  WA02    TYPHOON - NEPARTAK           PS       
 TYPHOON - NEPARTAK       TYPHOON - NEPARTAK           PSmin  Vmax(m/s) speed(km/hr)
  0    21.590   122.572   938.592    47.368  -999.000
  6    22.010   121.961   947.058    47.671    13.087
 12    22.566   121.314   963.650    41.733    15.125
 18    23.019   120.253   983.420    26.028    19.971
 24    22.574   120.051   986.497    22.202     8.920
 30    22.739   120.043   988.267  -999.000     3.056
 36    23.447   119.835   990.032    21.278    13.581
 42    23.842   119.284   987.620    20.843    11.884
 48    24.554   119.090   987.414    18.609    13.581
 54    25.030   118.764   985.024    20.275    10.371
 60    25.099   118.441   988.932    18.331     5.556
 66    25.294   119.184   989.487    17.008    12.964
 72    26.594   119.811   991.552    18.862    26.237
 78    27.810   120.485   991.168    18.776    25.095
 84    29.982   121.517   991.762    19.369    43.584
 90    31.683   121.805   989.817    17.322    31.824
 96    33.449   122.379   991.587    16.589    33.922
102    34.780   122.362   991.006    16.215    24.662
108    35.603   123.697   993.632    15.451    25.311
114  -999.000  -999.000  -999.000  -999.000  -999.000
120  -999.000  -999.000  -999.000  -999.000  -999.000
 FORECAST DATE (16070718)  WA02    TYPHOON - NEPARTAK           PS       
 TYPHOON - NEPARTAK       TYPHOON - NEPARTAK           PSmin  Vmax(m/s) speed(km/hr)
  0    22.013   121.859   948.368    43.629  -999.000
  6    22.441   121.007   967.802    38.370    16.606
 12    22.883   120.400   985.775    23.652    13.211
 18    22.449   119.959   988.350    22.572    11.019
 24    22.519   119.829   988.920    19.302     2.562
 30    23.703   119.613   990.142    19.322    22.255
 36    23.324   119.117   988.151    21.956    10.958
 42    24.326   119.094   988.379    17.071    18.551
 48    24.943   118.607   987.831    17.348    14.044
 54    24.569   117.595   990.822    16.790    18.366
 60    24.504   118.261   988.700    18.344    11.266
 66    25.028   118.700   992.605    19.454    12.192
 72    26.510   118.158   992.267    19.214    28.891
 78    28.962   119.035   994.994    16.328    47.627
 84    29.034   119.831   992.200    15.076    12.964
 90    30.339   120.393   992.338    15.657    25.805
 96    31.854   120.875   988.671    20.805    29.076
102    33.210   122.739   989.530    20.314    38.460
108    34.570   125.015   988.368    19.706    43.090
114    35.666   126.221  -999.000    16.948    27.317
120  -999.000  -999.000  -999.000  -999.000  -999.000
 FORECAST DATE (16070800)  WA02    TYPHOON - NEPARTAK           PS       
 TYPHOON - NEPARTAK       TYPHOON - NEPARTAK           PSmin  Vmax(m/s) speed(km/hr)
  0    22.501   120.610   975.941    25.710  -999.000
  6    23.611   120.290   985.864    22.921    21.267
 12    23.200   119.986   989.940    21.219     9.198
 18    22.991   119.987   989.070    20.939     3.889
 24    23.838   119.141   990.160    18.915    21.298
 30    23.991   119.069   988.973    16.808     2.840
 36    24.252   118.123   989.985    14.459    16.699
 42    24.224   118.030   988.822    18.471     0.525
 48    24.462   118.267   990.616    16.373     5.957
 54    24.922   118.244   990.861    16.289     8.519
 60    25.759   117.734   992.101    18.482    17.717
 66    26.623   118.045   991.169    18.137    16.822
 72    27.574   118.650   993.582    18.585    20.249
 78    29.303   119.994   990.375    16.557    38.769
 84    30.597   120.378   988.210    19.360    24.724
 90    32.129   121.445   987.941    21.564    33.027
 96    33.834   123.151   990.438    20.738    41.207
102  -999.000  -999.000  -999.000  -999.000  -999.000
108  -999.000  -999.000  -999.000  -999.000  -999.000
114  -999.000  -999.000  -999.000  -999.000  -999.000
120  -999.000  -999.000  -999.000  -999.000  -999.000
 FORECAST DATE (16070806)  WA02    TYPHOON - NEPARTAK           PS       
 TYPHOON - NEPARTAK       TYPHOON - NEPARTAK           PSmin  Vmax(m/s) speed(km/hr)
  0    23.128   120.177   987.618    20.751  -999.000
  6    23.219   119.895   991.517    19.953     5.093
 12    23.446   119.558   991.631  -999.000     7.099
 18    23.946   119.229   991.959    15.423    10.834
 24    24.020   119.218   991.908    14.698     1.358
 30    24.857   119.010   993.263    14.451    15.896
 36    24.292   117.833   994.248    14.731    22.409
 42    24.686   118.473   995.968    14.215    13.026
 48    24.475   117.664   993.988    13.373    14.168
 54    24.404   117.689   995.817    13.176     1.296
 60    23.510   117.091   994.778    16.193    19.415
 66    24.664   116.431   997.586    17.360    24.107
 72  -999.000  -999.000  -999.000  -999.000  -999.000
 78  -999.000  -999.000  -999.000  -999.000  -999.000
 84  -999.000  -999.000  -999.000  -999.000  -999.000
 90  -999.000  -999.000  -999.000  -999.000  -999.000
 96  -999.000  -999.000  -999.000  -999.000  -999.000
102  -999.000  -999.000  -999.000  -999.000  -999.000
108  -999.000  -999.000  -999.000  -999.000  -999.000
114  -999.000  -999.000  -999.000  -999.000  -999.000
120  -999.000  -999.000  -999.000  -999.000  -999.000
 FORECAST DATE (16070812)  WA02    TYPHOON - NEPARTAK           PS       
 TYPHOON - NEPARTAK       TYPHOON - NEPARTAK           PSmin  Vmax(m/s) speed(km/hr)
  0    23.000   119.839   988.866    19.501  -999.000
  6    23.644   119.581   990.180    17.962    12.717
 12    24.150   119.466   991.448    16.756     9.569
 18    24.423   119.055   990.689    17.532     8.581
 24    24.670   118.992   992.306    16.026     4.599
 30    25.065   118.397   994.189    13.772    12.408
 36    24.398   118.337   995.328    14.276    12.347
 42    24.390   117.749   993.639  -999.000     9.908
 48    24.438   117.781   994.472    13.687     0.895
 54    24.561   116.624   994.838    16.200    19.631
 60    24.511   117.684   997.089  -999.000    17.872
 66    28.799   117.180   994.892     5.949    79.852
 72    28.265   117.155   995.473     6.466     9.877
 78    28.862   117.232   995.983     4.797    11.050
 84  -999.000  -999.000  -999.000  -999.000  -999.000
 90  -999.000  -999.000  -999.000  -999.000  -999.000
 96  -999.000  -999.000  -999.000  -999.000  -999.000
102  -999.000  -999.000  -999.000  -999.000  -999.000
108  -999.000  -999.000  -999.000  -999.000  -999.000
114  -999.000  -999.000  -999.000  -999.000  -999.000
120  -999.000  -999.000  -999.000  -999.000  -999.000
 FORECAST DATE (16070818)  WA02    TYPHOON - NEPARTAK           PS       
 TYPHOON - NEPARTAK       TYPHOON - NEPARTAK           PSmin  Vmax(m/s) speed(km/hr)
  0    23.551   119.340   988.894    16.694  -999.000
  6    24.182   119.272   989.201    20.577    11.668
 12    24.387   118.830   989.388    16.454     8.396
 18    24.687   118.303   991.798    15.610    10.464
 24    24.510   117.618   993.206    14.075    11.976
 30    23.942   117.627   995.263    15.739    10.526
 36    24.396   117.852   994.087    14.739     9.229
 42    23.999   117.732   995.022    15.080     7.624
 48    24.920   118.460   995.299    17.381    21.020
 54    25.009   118.306   997.170    14.934     3.087
 60    28.690   118.402   994.299  -999.000    68.154
 66  -999.000  -999.000  -999.000  -999.000  -999.000
 72  -999.000  -999.000  -999.000  -999.000  -999.000
 78  -999.000  -999.000  -999.000  -999.000  -999.000
 84  -999.000  -999.000  -999.000  -999.000  -999.000
 90  -999.000  -999.000  -999.000  -999.000  -999.000
 96  -999.000  -999.000  -999.000  -999.000  -999.000
102  -999.000  -999.000  -999.000  -999.000  -999.000
108  -999.000  -999.000  -999.000  -999.000  -999.000
114  -999.000  -999.000  -999.000  -999.000  -999.000
120  -999.000  -999.000  -999.000  -999.000  -999.000
 FORECAST DATE (16070900)  WA02    TYPHOON - NEPARTAK           PS       
 TYPHOON - NEPARTAK       TYPHOON - NEPARTAK           PSmin  Vmax(m/s) speed(km/hr)
  0    23.976   119.195   990.045    17.955  -999.000
  6    24.379   119.083   990.643    18.189     7.686
 12    24.814   118.635   992.678    17.390    11.050
 18    24.491   117.825   994.536    15.394    14.909
 24    24.304   118.255   996.312    13.773     8.025
 30    24.430   117.883   994.527    11.876     6.698
 36    23.368   116.950   994.593    15.112    25.218
 42    24.880   118.269   993.487    18.680    35.774
 48    25.846   118.754   995.057    17.345    19.631
 54    26.685   118.056   994.304    17.153    19.384
 60    28.296   119.607   995.895    15.464    39.232
 66    29.271   119.337   994.538    17.310    18.582
 72    30.381   120.161   996.369    16.724    24.446
 78    31.426   121.129   994.753  -999.000    24.724
 84    32.165   121.455   996.024    14.041    14.631
 90    32.781   122.297   995.902  -999.000    17.409
 96    33.971   125.247   997.092    17.541    50.683
102    34.364   126.683   994.481    14.782    23.181
108    35.037   129.908   996.494    15.840    50.683
114    35.232   131.478   995.097  -999.000    24.045
120  -999.000  -999.000  -999.000  -999.000  -999.000
 FORECAST DATE (16070906)  WA02    TYPHOON - NEPARTAK           PS       
 TYPHOON - NEPARTAK       TYPHOON - NEPARTAK           PSmin  Vmax(m/s) speed(km/hr)
  0    24.515   118.842   990.033    15.905  -999.000
  6    24.977   118.323   993.897    15.122    12.223
 12    24.522   117.623   995.655    16.331    14.476
 18    25.224   118.836   996.910    15.169    24.169
 24    24.369   117.863   995.596    12.224    22.780
 30    24.077   115.774   996.187    12.910    35.682
 36    24.395   117.726   996.462    17.632    33.490
 42  -999.000  -999.000  -999.000  -999.000  -999.000
 48  -999.000  -999.000  -999.000  -999.000  -999.000
 54  -999.000  -999.000  -999.000  -999.000  -999.000
 60  -999.000  -999.000  -999.000  -999.000  -999.000
 66  -999.000  -999.000  -999.000  -999.000  -999.000
 72  -999.000  -999.000  -999.000  -999.000  -999.000
 78  -999.000  -999.000  -999.000  -999.000  -999.000
 84  -999.000  -999.000  -999.000  -999.000  -999.000
 90  -999.000  -999.000  -999.000  -999.000  -999.000
 96  -999.000  -999.000  -999.000  -999.000  -999.000
102  -999.000  -999.000  -999.000  -999.000  -999.000
108  -999.000  -999.000  -999.000  -999.000  -999.000
114  -999.000  -999.000  -999.000  -999.000  -999.000
120  -999.000  -999.000  -999.000  -999.000  -999.000
best
        9.3     144.9       16070306 
       10.0     144.3       16070312 
       10.7     143.5       16070318 
       11.8     142.0       16070400 
       12.7     140.8       16070406 
       13.3     139.7       16070412 
       14.4     138.3       16070418 
       15.2     136.5       16070500 
       16.2     135.0       16070506 
       17.1     133.5       16070512 
       17.9     131.9       16070518 
       18.7     130.2       16070600 
       19.4     128.4       16070606 
       20.1     127.0       16070612 
       20.7     125.6       16070618 
       21.3     124.3       16070700 
       21.6     123.4       16070706 
       21.9     122.6       16070712 
       22.3     121.8       16070718 
       22.6     120.6       16070800 
       23.2     120.1       16070806 
       23.1     119.8       16070812 
       23.2     119.6       16070818 
       24.3     119.1       16070900 
       24.7     118.6       16070906 
       99.9
