 FORECAST DATE (16070406)  WD01    TYPHOON - NEPARTAK           PS       
 TYPHOON - NEPARTAK       TYPHOON - NEPARTAK           PSmin  Vmax(m/s) speed(km/hr)  Domain
  0    14.738   139.717   998.499  -999.000  -999.000     1.000
  6    14.192   137.692  1004.503    23.393    37.719     1.000
 12    13.836   136.363  1002.715    16.396    24.755     1.000
 18    13.883   136.451  1002.833    19.379     0.895     1.000
 24    15.094   135.570  1000.046    21.020    27.440     1.000
 30    16.169   133.948   998.946    24.877    35.126     1.000
 36    16.417   131.959   994.544    20.101    35.651     1.000
 42    17.200   130.646   994.256    23.204    27.440     1.000
 48    17.711   128.675   986.467    25.132    36.083     1.000
 54    18.197   127.119   981.334    31.951    28.860     1.000
 60    18.343   125.656   971.913    31.804    25.866     1.000
 66    18.592   124.501   966.465    38.384    20.804     1.000
 72    18.642   123.536   948.993    47.529    16.977     1.000
 78    19.162   123.205   951.332    44.870    11.235     1.000
 84    19.914   122.562   948.650    46.182    17.872     1.000
 90  -999.000  -999.000  -999.000  -999.000  -999.000  -999.000
 96  -999.000  -999.000  -999.000  -999.000  -999.000  -999.000
102  -999.000  -999.000  -999.000  -999.000  -999.000  -999.000
108  -999.000  -999.000  -999.000  -999.000  -999.000  -999.000
114  -999.000  -999.000  -999.000  -999.000  -999.000  -999.000
120  -999.000  -999.000  -999.000  -999.000  -999.000  -999.000
best
       12.7     140.8       16070406 
       13.3     139.7       16070412 
       14.4     138.3       16070418 
       15.2     136.5       16070500 
       16.2     135.0       16070506 
       17.1     133.5       16070512 
       17.9     131.9       16070518 
       18.7     130.2       16070600 
       19.4     128.4       16070606 
       20.1     127.0       16070612 
       20.7     125.6       16070618 
       21.3     124.3       16070700 
       21.6     123.4       16070706 
       21.9     122.6       16070712 
       22.3     121.8       16070718 
       22.6     120.6       16070800 
       23.2     120.1       16070806 
       23.1     119.8       16070812 
       23.2     119.6       16070818 
       24.3     119.1       16070900 
       24.7     118.6       16070906 
       99.9
