 FORECAST DATE (16070612) -- 3km
 TYPHOON - NEPARTAK           PS
  0    19.993   126.870   920.291
  6    20.713   125.297   935.511
 12    20.938   123.875   939.283
 18    21.125   122.967   933.820
 24    21.279   122.434   938.630
 30    21.688   121.434   943.424
 36    22.014   120.786   960.995
 42    22.292   120.415   970.502
 48    22.880   119.576   981.636
 54    23.589   119.236   985.012
 60    23.815   118.604   981.549
 66    24.066   117.835   983.746
 72    24.174   117.734   987.459
 78    24.334   117.333   990.072
 84    25.346   117.427   994.397
 90    24.829   117.632   993.480
 96    26.535   118.571   995.943
102    27.643   120.378   993.737
108    29.451   121.504   994.792
114    30.197   122.296   991.921
120    31.035   123.874   992.872
best
       16.2     135.0       16070506 
       17.1     133.5       16070512 
       17.9     131.9       16070518 
       18.7     130.2       16070600 
       19.4     128.4       16070606 
       20.1     127.0       16070612 
       20.7     125.6       16070618 
       21.3     124.3       16070700 
       21.6     123.4       16070706 
       21.9     122.6       16070712 
       22.3     121.8       16070718 
       22.6     120.6       16070800 
       23.2     120.1       16070806 
       23.1     119.8       16070812 
       23.2     119.6       16070818 
       24.3     119.1       16070900 
       24.7     118.6       16070906 
       99.9
