 FORECAST DATE (15050906) --15km
 TYPHOON - NOUL           PS
  0    14.849   125.136   976.669
  6    15.288   124.539   981.148
 12    15.694   123.992   975.836
 18    16.192   123.569   974.080
 24    16.959   123.061   972.993
 30    17.556   122.563   975.758
 36    18.431   122.101   978.480
 42    18.880   121.610   981.930
 48    19.485   121.962   980.840
 54    20.766   122.065   992.819
 60    21.643   123.050   995.195
 66    22.573   124.124   993.403
 72    23.262   125.312   997.266
 78    24.166   126.910   999.997
 84    24.766   128.400   999.162
102  -999.000  -999.000  -999.000  -999.000  -999.000
102  -999.000  -999.000  -999.000  -999.000  -999.000
102  -999.000  -999.000  -999.000  -999.000  -999.000
108  -999.000  -999.000  -999.000  -999.000  -999.000
114  -999.000  -999.000  -999.000  -999.000  -999.000
120  -999.000  -999.000  -999.000  -999.000  -999.000
best
       14.9     125.2       15050906 
       15.4     124.6       15050912 
       16.1     123.9       15050918 
       17.0     123.3       15051000 
       17.9     122.6       15051006 
       18.6     122.4       15051012 
       19.6     122.1       15051018 
       20.7     122.1       15051100 
       22.0     122.7       15051106
       23.3     123.9       15051112
       25.9     125.8       15051118
       99.9
