 FORECAST DATE (15050900) --15km
 TYPHOON - NOUL           PS
  0    14.148   126.173   970.364
  6    15.038   125.246   971.921
 12    15.320   124.495   974.989
 18    15.663   124.030   966.039
 24    16.049   123.403   974.959
 30    16.783   122.865   974.507
 36    17.467   122.293   978.860
 42    18.020   121.195   990.847
 48    18.717   120.885   991.071
 54    19.303   120.804   981.673
 60    20.150   120.953   991.726
 66    21.024   121.621   991.928
 72    22.136   122.727   994.332
 78    22.678   123.749   995.929
 84    23.572   125.133  1000.691
 90    24.854   126.748   998.228
 96    25.350   128.172  1000.620
102    25.930   129.298   999.164
108    27.818   131.840  1003.399
114  -999.000  -999.000  -999.000  -999.000  -999.000
120  -999.000  -999.000  -999.000  -999.000  -999.000
best
       13.4     128.0       15050812 
       13.9     127.2       15050818 
       14.3     126.4       15050900 
       14.9     125.2       15050906 
       15.4     124.6       15050912 
       16.1     123.9       15050918 
       17.0     123.3       15051000 
       17.9     122.6       15051006 
       18.6     122.4       15051012 
       19.6     122.1       15051018 
       20.7     122.1       15051100 
       22.0     122.7       15051106
       23.3     123.9       15051112
       25.9     125.8       15051118
       99.9
