 FORECAST DATE (15050318)  WA01    PS
 TYPHOON - NOUL           PSmin  Vmax(m/s) speed(km/hr)
  0     8.909   140.768  1001.905    18.711  -999.000
  6     9.463   140.241  1001.624    23.575    14.075
 12     9.800   139.719   998.929    23.714    11.390
 18     9.993   138.991   999.486    21.996    13.736
 24     9.714   138.569   997.516    23.185     9.260
 30     9.694   138.543   998.373    23.244     0.370
 36    10.000   138.232   994.912    21.566     8.025
 42     9.898   137.795   994.892    25.960     8.211
 48     9.980   137.407   991.673    28.406     7.254
 54    10.131   136.751   992.218    28.302    12.285
 60    10.189   136.059   987.743    29.956    12.655
 66    10.299   135.220   990.158    31.111    15.402
 72    10.303   134.434   987.597    31.863    14.322
 78    10.435   133.385   991.011    32.923    19.261
 84    10.933   132.490   985.791    30.127    18.705
 90    11.228   131.615   986.765    29.686    16.822
 96    11.524   130.675   982.118    32.142    17.934
102    11.630   129.888   983.000    32.393    14.415
108    11.861   129.320   978.839    33.911    11.174
114    12.180   128.469   980.227    33.793    16.483
120    12.466   127.555   977.083    36.073    17.378
 FORECAST DATE (15050400)  WA01    PS
 TYPHOON - NOUL           PSmin  Vmax(m/s) speed(km/hr)
  0     9.215   139.853  1001.793    22.342  -999.000
  6     9.589   139.581   998.666    24.385     8.519
 12     9.776   138.878   998.927    25.268    13.304
 18     9.595   138.245   995.019    26.386    12.038
 24     9.650   138.012   996.588    26.798     4.383
 30     9.721   137.658   992.827    26.739     6.575
 36     9.652   137.090   994.774    27.657    10.464
 42     9.642   136.834   991.949    26.107     4.692
 48     9.888   136.479   992.860    28.253     7.933
 54    10.084   135.727   989.344    29.885    14.199
 60    10.279   135.298   991.866    30.752     8.612
 66    10.554   134.350   990.337    33.160    17.995
 72    10.433   133.434   993.288    30.013    16.822
 78    10.853   132.688   988.544    28.770    15.649
 84    11.386   132.037   989.711    27.870    15.402
 90    11.745   131.162   984.300    29.701    17.224
 96    12.138   130.192   984.544    32.458    19.014
102    12.349   129.359   981.245    32.196    15.557
108    12.580   128.636   981.728    32.409    13.767
114    12.862   127.738   979.214    34.130    17.038
120    13.199   126.849   979.111    36.999    17.193
 FORECAST DATE (15050406)  WA01    PS
 TYPHOON - NOUL           PSmin  Vmax(m/s) speed(km/hr)
  0     9.290   139.738   999.701    20.477  -999.000
  6     9.543   139.293  1000.212    21.548     9.383
 12     9.607   139.102   997.053    24.417     3.673
 18     9.704   138.630   996.866    24.518     8.828
 24     9.701   138.073   993.852    25.191    10.155
 30     9.610   137.802   994.520    25.164     5.216
 36     9.714   137.552   992.318    26.512     4.939
 42     9.895   136.979   993.522    27.847    10.989
 48    10.031   136.502   988.636    28.590     9.044
 54    10.610   135.873   992.158    29.779    15.680
 60    10.665   134.938   990.960    31.720    17.038
 66    10.726   134.201   995.110    27.526    13.458
 72    11.114   133.368   990.489    24.994    16.761
 78    11.526   132.656   991.780    26.329    15.001
 84    12.070   131.785   988.320    25.637    18.736
 90    12.394   130.707   990.623    27.258    20.434
 96    12.743   129.776   986.370    28.259    18.026
102    13.080   128.812   986.787    27.569    18.489
108    13.370   127.742   982.077    31.995    20.032
114    13.686   126.736   983.106    31.992    19.045
120    14.281   125.820   980.270    32.506    19.786
 FORECAST DATE (15050412)  WA01    PS
 TYPHOON - NOUL           PSmin  Vmax(m/s) speed(km/hr)
  0     9.499   139.406  1002.232    19.311  -999.000
  6     9.164   138.993   998.935    23.160     9.754
 12     9.097   138.941   999.764    21.962     1.235
 18     9.213   138.807   996.208    21.545     3.272
 24     9.275   138.497   995.913    24.862     5.772
 30     9.427   138.040   994.836    26.955     8.797
 36     9.342   137.768   994.905    27.089     5.216
 42     9.486   137.598   990.529    26.154     4.105
 48     9.898   137.041   991.684    27.354    12.717
 54    10.077   136.185   988.080    29.283    15.989
 60    10.148   135.570   989.725    31.419    11.297
 66    10.487   134.794   988.869    30.813    15.464
 72    10.579   133.871   992.946    29.155    16.884
 78    10.811   132.962   989.091    26.650    17.100
 84    11.266   131.999   990.832    27.172    19.415
 90    11.539   130.887   987.241    28.852    20.835
 96    11.510   129.848   989.527    29.554    18.860
102    11.773   128.685   984.575    28.293    21.638
108    11.903   127.568   985.730    31.299    20.403
114    12.137   126.556   981.133    32.768    18.829
120    12.411   125.585   982.099    33.514    18.273
 FORECAST DATE (15050418)  WA01    PS
 TYPHOON - NOUL           PSmin  Vmax(m/s) speed(km/hr)
  0     9.350   139.356  1000.207    19.209  -999.000
  6     9.037   138.984  1001.094    20.780     8.951
 12     9.067   138.925   998.421    20.072     0.556
 18     8.734   138.663   998.922    19.084     7.809
 24     8.790   138.566   996.780    22.232     1.019
 30     9.249   138.218   997.567    24.580    10.618
 36     8.945   138.032   994.296    23.433     6.575
 42     9.272   137.909   994.027    23.901     6.482
 48     9.697   137.303   990.685    26.108    13.581
 54    10.002   136.495   991.737    31.889    15.804
 60    10.298   135.752   988.789    32.038    14.631
 66    10.583   135.115   992.065    30.946    12.748
 72    10.560   134.107   991.235    25.454    18.366
 78    10.910   133.244   992.759    24.001    17.008
 84    11.263   132.128   988.101    28.898    21.298
 90    11.420   131.134   990.148    27.147    18.273
 96    11.374   129.851   986.653    27.728    23.304
102    11.419   128.663   988.074    30.645    21.576
108    11.475   127.528   982.884    31.728    20.650
114    11.650   126.450   985.584    31.052    19.816
120    11.798   125.352   983.580    29.494    20.094
 FORECAST DATE (15050500)  WA01    PS
 TYPHOON - NOUL           PSmin  Vmax(m/s) speed(km/hr)
  0     9.164   139.043  1000.712    19.935  -999.000
  6     9.228   138.751   998.926    19.844     5.463
 12     9.133   138.269  1000.077    19.252     8.982
 18     9.116   137.957   997.594    23.136     5.710
 24     9.122   137.592   998.152    26.528     6.667
 30     9.602   137.298   994.505    25.422    10.402
 36     9.714   136.636   995.444    25.467    12.254
 42     9.795   135.958   990.746    27.848    12.470
 48     9.939   135.224   992.859    30.677    13.674
 54    10.180   134.202   992.976    28.683    19.168
 60    10.257   133.388   996.542    23.933    14.909
 66    10.478   132.541   994.502    22.537    15.958
 72    10.855   131.600   995.498    24.068    18.489
 78    10.914   130.563   993.809    25.716    18.890
 84    11.110   129.423   995.009    24.640    21.051
 90    11.210   128.333   991.960    23.529    19.909
 96    11.133   127.033   996.751    25.184    23.644
102    11.230   125.737   993.569    24.323    23.644
108    11.412   124.581   997.530    17.630    21.267
114    11.647   123.366   994.451    20.960    22.471
120    11.717   122.402   995.276    21.901    17.532
 FORECAST DATE (15050506)  WA01    PS
 TYPHOON - NOUL           PSmin  Vmax(m/s) speed(km/hr)
  0     9.196   138.932   999.387    17.287  -999.000
  6     9.025   138.630  1001.577    17.123     6.359
 12     9.048   138.379   998.024    21.182     4.630
 18     9.083   138.038  1000.566    21.776     6.266
 24     9.493   137.618   996.758    20.514    10.803
 30     9.724   136.962   996.814    23.909    12.717
 36     9.939   136.216   992.534    26.838    14.199
 42    10.130   135.430   995.337    25.603    14.754
 48    10.470   134.560   992.930    28.069    17.069
 54    10.421   133.551   995.989    25.746    18.397
 60    10.613   132.851   992.929    23.329    13.211
 66    10.914   131.908   995.070    23.661    18.057
 72    11.228   130.817   990.627    25.534    20.681
 78    11.451   130.001   994.719    23.133    15.372
 84    11.607   128.651   994.344    23.926    24.662
 90    11.857   127.468   996.038    23.968    21.946
 96    11.924   126.247   994.194    24.359    22.162
102    11.799   124.856   997.018    18.941    25.311
108    12.286   123.906   995.089    18.785    19.415
114    12.504   122.897   995.322    21.033    18.674
120    12.641   121.888   990.722    26.232    18.427
 FORECAST DATE (15050512)  WA01    PS
 TYPHOON - NOUL           PSmin  Vmax(m/s) speed(km/hr)
  0     9.401   138.629  1002.200    17.940  -999.000
  6     9.130   137.797  1000.233    23.714    16.020
 12     8.978   137.509   999.855    19.399     5.957
 18     9.226   137.124   996.645    20.098     8.427
 24     9.614   136.571   995.542    25.212    12.408
 30     9.997   135.907   993.452    26.020    14.044
 36    10.205   134.964   995.192    26.829    17.625
 42    10.411   133.786   995.454    22.383    21.792
 48    10.391   133.178   996.133    22.620    11.081
 54    10.888   132.296   993.912    21.833    18.520
 60    11.207   131.255   994.719    23.909    19.816
 66    11.579   130.026   993.267    22.821    23.366
 72    11.960   128.611   993.750    25.232    26.607
 78    12.128   127.393   992.014    25.018    22.286
 84    12.064   125.739   997.537    23.268    29.972
 90    12.380   124.654   994.366    21.389    20.495
 96    12.313   123.398   996.188    21.891    22.749
102    12.695   122.625   995.078    16.732    15.680
108    12.680   121.391   995.109    23.802    22.286
114    13.162   120.610   991.735    24.232    16.699
120    13.603   120.185   990.264    29.035    11.205
 FORECAST DATE (15050518)  WA01    PS
 TYPHOON - NOUL           PSmin  Vmax(m/s) speed(km/hr)
  0     9.350   138.251   997.923    22.370  -999.000
  6     9.176   137.677   999.709    21.990    10.989
 12     9.564   137.302   996.466    23.369     9.908
 18     9.807   136.476   995.768    25.068    15.742
 24    10.071   135.719   994.271    23.875    14.662
 30    10.400   134.799   995.770    26.382    17.841
 36    10.649   133.490   994.920    24.600    24.292
 42    10.997   132.868   996.640    21.887    13.026
 48    11.461   131.937   992.942    23.374    18.952
 54    11.849   130.789   996.189    23.767    22.039
 60    12.042   129.646   990.297    24.622    21.020
 66    12.257   128.509   994.104    22.899    20.958
 72    12.636   127.296   990.559    24.241    23.027
 78    12.818   125.891   995.871    24.936    25.619
 84    13.411   124.735   993.093    23.159    23.582
 90    13.292   123.496   994.219    21.099    22.440
 96    13.551   122.550   991.444    22.890    17.687
102    13.849   121.529   993.325    20.667    19.199
108    14.272   120.795   990.268    24.088    15.310
114    14.998   120.090   990.032    26.524    18.427
120    15.933   119.724   990.801    24.913    18.520
 FORECAST DATE (15050600)  WA01    PS
 TYPHOON - NOUL           PSmin  Vmax(m/s) speed(km/hr)
  0     9.194   137.542  1001.239    16.846  -999.000
  6     9.373   136.987   998.889    19.283    10.680
 12     9.718   136.047   997.653    24.061    18.304
 18     9.887   134.935   995.348    26.860    20.526
 24    10.306   133.949   999.190    23.997    19.569
 30    10.411   133.016   996.128    23.997    17.131
 36    10.920   132.417   997.054    22.137    14.415
 42    11.367   131.321   994.476    22.321    21.545
 48    11.521   130.296   994.981    23.598    18.829
 54    11.883   129.155   992.405    23.970    21.761
 60    12.153   128.156   995.154    22.453    18.767
 66    12.489   126.986   993.689    22.984    22.070
 72    12.764   125.657   998.640    22.114    24.570
 78    13.223   124.202   993.663    22.830    27.595
 84    13.315   123.407   995.589    21.488    14.446
 90    13.474   122.363   992.837    22.559    19.014
 96    13.827   121.533   994.151    21.650    16.328
102    14.382   120.707   991.355    25.331    18.057
108    14.970   119.987   993.118    25.811    16.884
114    15.821   119.658   991.368    24.850    16.822
120    16.708   119.544   994.716    24.576    16.545
 FORECAST DATE (15050606)  WA01    PS
 TYPHOON - NOUL           PSmin  Vmax(m/s) speed(km/hr)
  0     9.397   136.592   997.267    20.503  -999.000
  6     9.391   135.805   996.544    25.990    14.384
 12     9.541   134.866   994.276    28.598    17.378
 18     9.383   133.714   998.114    24.838    21.236
 24    10.224   132.998   996.226    24.175    20.341
 30    10.387   132.008   996.676    22.465    18.304
 36    10.542   131.181   993.771    22.835    15.341
 42    10.906   129.963   995.355    24.912    23.181
 48    11.105   129.147   991.324    24.898    15.279
 54    11.171   128.202   995.283    25.304    17.224
 60    11.651   127.222   993.057    26.612    19.878
 66    11.983   126.321   995.602    28.341    17.440
 72    12.400   125.209   991.885    25.929    21.545
 78    12.474   124.100   992.391    25.417    20.125
 84    12.673   123.092   988.202    25.125    18.582
 90    12.903   122.134   988.536    26.608    17.810
 96    13.196   121.231   985.373    26.891    17.162
102    13.742   120.555   986.776    30.624    15.835
108    14.443   119.858   984.607    30.841    18.026
114    15.542   119.410   987.975    29.863    21.854
120    16.402   119.007   987.001    29.216    17.471
 FORECAST DATE (15050612)  WA01    PS
 TYPHOON - NOUL           PSmin  Vmax(m/s) speed(km/hr)
  0     9.575   135.893   997.880    24.025  -999.000
  6     9.626   134.788   996.244    25.917    20.218
 12     9.570   133.735   998.969    25.252    19.261
 18    10.108   133.116   995.794    25.297    15.063
 24    10.624   132.303   998.214    21.070    17.625
 30    10.764   131.321   995.499    21.097    18.057
 36    11.206   130.315   996.014    22.119    20.032
 42    11.414   129.169   991.566    24.798    21.175
 48    11.611   128.190   993.734    25.563    18.150
 54    11.940   126.888   993.321    25.416    24.385
 60    12.243   125.935   997.315    25.562    18.150
 66    12.436   124.673   992.725    24.956    23.119
 72    12.678   123.663   994.293    22.615    18.798
 78    12.862   122.571   991.721    22.989    20.002
 84    13.075   121.588   994.266    21.586    18.180
 90    13.310   120.556   991.205    25.009    19.106
 96    13.758   119.983   991.563    27.495    13.242
102    14.290   119.260   988.562    29.115    16.298
108    14.742   118.768   988.637    32.292    12.161
114    15.491   118.376   985.051    31.719    15.526
120    16.239   118.246   983.442    32.364    14.044
 FORECAST DATE (15050618)  WA01    PS
 TYPHOON - NOUL           PSmin  Vmax(m/s) speed(km/hr)
  0    10.027   134.748   995.477    24.992  -999.000
  6     9.513   133.626   999.165    25.189    22.594
 12    10.093   133.069   996.073    24.701    14.785
 18    10.325   132.056   997.498    23.822    18.983
 24    10.405   131.516   995.528    22.272     9.939
 30    10.745   130.701   996.963    22.105    16.112
 36    11.154   129.599   992.851    23.598    21.421
 42    11.309   128.554   995.562    23.278    19.199
 48    11.719   127.421   992.278    24.589    21.915
 54    11.804   126.389   995.383    26.511    18.767
 60    12.023   125.097   990.448    26.503    23.767
 66    12.431   124.172   993.799    26.104    18.366
 72    12.416   123.046   992.146    19.904    20.372
 78    12.653   122.105   993.055    23.787    17.563
 84    13.030   121.307   989.858    23.608    16.020
 90    13.589   120.446   989.765    27.524    18.643
 96    14.114   119.543   986.947    28.373    18.921
102    14.774   119.072   989.191    29.886    14.847
108    15.521   118.667   985.460    32.497    15.619
114    16.118   118.508   986.112    32.750    11.421
120    16.788   118.569   985.104    31.921    12.408
 FORECAST DATE (15050700)  WA01    PS
 TYPHOON - NOUL           PSmin  Vmax(m/s) speed(km/hr)
  0     9.937   133.879   996.880    22.994  -999.000
  6    10.101   133.016   995.321    24.926    16.020
 12    10.639   132.259   997.151    23.770    17.008
 18    10.867   131.489   994.587    22.800    14.631
 24    11.294   130.366   995.316    24.009    21.884
 30    11.549   129.261   992.360    26.255    20.619
 36    11.958   128.045   995.541    24.620    23.304
 42    12.315   127.153   995.279    24.109    17.440
 48    12.686   125.889   996.319    25.694    23.860
 54    12.593   124.894   994.982    24.153    18.057
 60    13.111   124.081   996.939    22.215    17.532
 66    13.459   123.049   994.438    21.092    19.693
 72    13.775   122.021   996.342    20.575    19.415
 78    14.183   120.967   992.199    21.785    20.372
 84    14.594   119.996   992.906    24.186    19.014
 90    15.097   119.516   990.361    24.957    12.686
 96    15.958   118.935   993.283    26.027    19.014
102    16.569   118.709   989.093    29.322    12.007
108    17.468   118.773   991.048    29.050    16.637
114    18.234   118.842   989.112    28.453    14.199
120    18.975   119.279   991.466    27.492    15.711
 FORECAST DATE (15050706)  WA01    PS
 TYPHOON - NOUL           PSmin  Vmax(m/s) speed(km/hr)
  0    10.269   132.909   996.269    23.609  -999.000
  6    10.700   132.657   999.348    22.894     9.198
 12    11.037   131.700   997.431    21.030    18.489
 18    11.208   130.901   997.684    22.295    14.847
 24    11.848   129.932   994.435    23.623    21.205
 30    12.385   128.926   997.406    22.035    20.742
 36    12.904   128.059   995.229    22.835    18.366
 42    13.713   127.067   997.159    22.604    23.335
 48    13.849   125.826   995.621    20.548    22.471
 54    14.400   124.931   997.233    22.926    19.045
 60    14.493   124.097   994.425    23.098    15.063
 66    14.759   123.184   996.799    24.427    17.069
 72    15.359   122.449   992.905    27.658    17.224
 78    15.940   121.228   996.526    19.598    24.261
 84    16.840   120.604   997.458    17.613    20.032
 90    17.731   120.069   999.530    22.282    19.014
 96    18.583   120.163   994.189    25.198    15.773
102    19.153   120.009   992.566    26.471    10.896
108    19.953   120.459   990.841    26.114    16.761
114    20.840   121.166   993.468    29.170    20.526
120    21.577   122.272   991.573    26.056    23.459
 FORECAST DATE (15050712)  WA01    PS
 TYPHOON - NOUL           PSmin  Vmax(m/s) speed(km/hr)
  0    10.984   132.023   996.327    24.545  -999.000
  6    11.152   131.418   994.539    24.644    11.421
 12    11.582   130.386   995.455    24.087    20.372
 18    11.844   129.327   991.969    26.280    19.786
 24    12.498   128.604   993.174    26.383    17.841
 30    12.902   127.456   992.112    25.868    22.070
 36    13.432   126.392   993.062    28.657    21.545
 42    13.727   125.533   989.355    28.067    16.390
 48    14.047   124.598   989.457    28.288    17.841
 54    14.353   123.775   986.659    29.087    15.835
 60    14.794   123.091   988.739    32.705    14.723
 66    15.273   122.450   987.462    30.553    14.507
 72    15.754   121.519   992.555    27.843    18.829
 78    17.048   120.437   994.379    20.676    30.712
 84    17.728   120.061   997.385    24.705    14.230
 90    18.679   120.269   991.787    28.108    17.995
 96    19.526   120.520   990.731    28.853    16.298
102    20.833   121.349   991.349    26.664    28.181
108    21.955   122.657   991.529    29.091    30.681
114    22.844   123.916   990.268    27.808    27.132
120    23.932   125.752   996.667    26.528    37.133
 FORECAST DATE (15050718)  WA01    PS
 TYPHOON - NOUL           PSmin  Vmax(m/s) speed(km/hr)
  0    11.167   131.186   992.806    24.016  -999.000
  6    11.625   130.425   993.460    25.872    16.205
 12    12.054   129.313   991.150    28.046    21.668
 18    12.528   128.406   992.031    26.049    18.613
 24    13.049   127.390   992.064    26.183    20.742
 30    13.593   126.341   992.773    28.377    21.421
 36    13.936   125.457   990.342    28.949    17.100
 42    14.424   124.469   990.636    28.719    19.909
 48    14.724   123.746   988.089    29.576    14.106
 54    15.363   123.059   988.603    30.941    17.038
 60    15.917   122.318   989.357    29.413    16.730
 66    16.720   121.563   995.872    21.267    20.032
 72    17.793   120.966   995.849    20.952    22.502
 78    18.500   120.341   995.689    26.888    17.100
 84    19.425   120.258   992.183    27.114    17.131
 90    20.321   120.724   993.937    26.449    18.489
 96    21.356   121.799   993.676    25.033    26.700
102    22.176   122.981   993.943    26.637    25.372
108    23.303   124.656   992.740    26.435    35.435
114    24.718   126.779   999.094    23.881    44.448
120    25.789   129.329   999.338    24.513    47.072
 FORECAST DATE (15050800)  WA01    PS
 TYPHOON - NOUL           PSmin  Vmax(m/s) speed(km/hr)
  0    11.656   129.981   994.667    24.824  -999.000
  6    12.257   129.244   992.769    27.485    17.378
 12    12.769   128.056   994.127    24.647    23.459
 18    13.190   127.069   992.723    23.929    19.446
 24    13.490   125.887   995.176    27.616    22.008
 30    14.231   124.818   994.256    24.586    23.613
 36    14.128   123.990   994.417    24.962    15.001
 42    14.685   123.114   992.067    26.590    18.829
 48    15.179   122.348   994.426    28.275    16.452
 54    15.599   121.157   995.636    22.794    22.656
 60    16.447   120.189   999.972    19.091    23.304
 66    17.171   119.530   998.736    19.814    17.779
 72    18.453   120.086   997.623    24.695    25.681
 78    19.709   120.290   991.687    26.841    23.551
 84    20.575   120.956   995.908    25.406    19.786
 90    22.166   122.590   994.721    27.166    40.775
 96    23.343   123.708   996.119    25.708    28.984
102    24.624   125.686   995.921    24.601    41.022
108    26.250   128.516  1001.383    23.883    56.085
114    28.238   132.258  1003.086    20.072    71.765
120    30.101   135.801  1005.191    21.720    66.888
 FORECAST DATE (15050806)  WA01    PS
 TYPHOON - NOUL           PSmin  Vmax(m/s) speed(km/hr)
  0    12.253   128.996   992.441    25.031  -999.000
  6    12.945   128.154   994.582    24.038    19.909
 12    13.314   126.979   993.829    24.721    22.255
 18    13.823   125.959   994.807    27.261    20.650
 24    14.151   125.009   992.834    28.572    18.119
 30    14.746   124.027   993.535    26.414    20.773
 36    15.086   123.187   992.532    27.232    16.298
 42    15.809   122.330   995.108    28.857    20.341
 48    16.494   121.495   996.283    19.001    19.539
 54    17.379   120.439   999.001    19.854    24.879
 60    18.133   120.164   996.170    24.947    14.785
 66    19.044   120.261   994.455    27.085    16.853
 72    20.305   120.727   991.887    25.990    24.755
 78    21.372   121.806   992.884    25.565    27.194
 84    22.986   123.444   990.572    26.582    41.022
 90    24.645   125.575   991.449    29.778    47.411
 96    26.718   128.712   993.331    27.600    64.913
102    29.262   133.049   998.655    25.684    85.130
108    32.997   137.315   993.995    28.419    96.736
114    37.049   141.556   992.780    27.046    98.804
120  -999.000  -999.000  -999.000  -999.000  -999.000
 FORECAST DATE (15050812)  WA01    PS
 TYPHOON - NOUL           PSmin  Vmax(m/s) speed(km/hr)
  0    13.251   127.591   993.985    24.556  -999.000
  6    13.084   126.692   992.793    27.279    16.514
 12    13.685   125.973   994.257    30.356    17.100
 18    14.309   125.075   993.384    28.074    19.847
 24    14.802   124.112   993.312    26.605    19.508
 30    15.098   123.153   991.821    27.733    17.995
 36    15.553   122.622   994.707    27.820    12.686
 42    16.253   121.832   996.233    23.638    19.137
 48    17.374   120.552  1001.697    18.802    30.774
 54    18.004   119.806   998.956    21.709    17.563
 60    18.914   119.884   998.895    22.940    16.853
 66    20.188   120.447   996.799    25.403    25.558
 72    21.334   121.251   998.819    21.441    25.372
 78    22.785   122.880   997.236    23.429    38.769
 84    24.334   124.494  1000.013    22.973    39.695
 90    25.588   126.710   999.359    23.008    43.831
 96    26.879   129.835  1002.922    20.670    57.165
102    28.557   134.284  1002.891    20.440    79.266
108    30.460   137.876  1006.681    20.543    67.752
120  -999.000  -999.000  -999.000  -999.000  -999.000
120  -999.000  -999.000  -999.000  -999.000  -999.000
 FORECAST DATE (15050818)  WA01    PS
 TYPHOON - NOUL           PSmin  Vmax(m/s) speed(km/hr)
  0    13.706   126.841   991.440    27.750  -999.000
  6    13.541   125.657   994.870    28.637    21.545
 12    14.140   125.076   994.179    26.445    15.217
 18    14.681   124.236   992.867    27.469    18.119
 24    15.174   123.329   991.491    28.500    18.613
 30    15.526   122.500   996.286    27.243    16.174
 36    16.196   121.495   998.321    20.772    21.792
 42    17.252   120.521  1000.501    17.748    26.113
 48    18.130   120.114   998.521    20.517    17.779
 54    19.150   119.940   996.954    25.018    19.137
 60    20.230   120.486   994.765    25.791    22.162
 66    21.507   121.597   995.619    26.822    30.465
 72    23.004   122.719   998.729    22.818    33.737
 78    24.288   124.313   999.083    23.685    35.991
 84    25.717   126.576   996.482    24.124    46.300
 90    26.912   129.439  1003.502    21.269    52.412
 96    29.172   133.744  1002.572    19.881    81.858
102    30.894   138.219  1006.863    18.779    78.494
108  -999.000  -999.000  -999.000  -999.000  -999.000
114  -999.000  -999.000  -999.000  -999.000  -999.000
120  -999.000  -999.000  -999.000  -999.000  -999.000
 FORECAST DATE (15050900)  WA01    PS       
 TYPHOON - NOUL           PSmin  Vmax(m/s) speed(km/hr)
  0    13.770   125.796   991.452    28.067  -999.000
  6    14.199   125.112   990.937    29.448    14.631
 12    14.610   124.400   989.594    30.847    14.878
 18    14.983   123.854   988.483    29.864    11.976
 24    15.394   123.095   992.123    30.402    15.557
 30    16.043   122.539   993.781    28.820    15.588
 36    16.906   121.725   997.185    22.080    21.545
 42    17.788   120.931   997.881    19.715    21.545
 48    18.560   120.496   997.814    25.040    16.236
 54    19.446   120.932   993.239    28.720    18.088
 60    20.793   121.635   998.614    22.337    27.780
 66    21.925   122.512   997.693    25.490    25.835
 72    23.025   123.444   999.724    24.864    25.897
 78    24.130   125.231   998.467    22.237    36.577
 84    25.202   127.269  1002.922    19.714    39.633
 90    26.109   129.902  1001.993    21.782    47.041
 96    26.922   132.936  1005.671    23.303    52.473
102    27.838   135.999  1005.702    18.504    53.152
108    29.293   138.548  1010.046    14.375    49.448
114  -999.000  -999.000  -999.000  -999.000  -999.000
120  -999.000  -999.000  -999.000  -999.000  -999.000
 FORECAST DATE (15050906)  WA01    PS       
 TYPHOON - NOUL           PSmin  Vmax(m/s) speed(km/hr)
  0    14.609   125.140   992.093    26.934  -999.000
  6    15.056   124.752   992.569    28.380    10.803
 12    15.692   124.226   990.256    28.020    15.063
 18    16.196   123.571   991.732    28.375    14.939
 24    16.619   123.180   992.495    28.714    10.464
 30    17.365   122.900   995.172    28.291    14.693
 36    18.484   122.552   993.926    26.104    21.607
 42    19.301   122.381   995.112    26.979    15.433
 48    20.392   122.619   994.655    24.805    20.619
 54    21.691   123.414   995.605    23.856    27.687
 60    23.316   124.775   995.580    26.443    38.059
 66    24.867   126.402   997.409    27.385    39.787
 72    26.615   129.071   995.057    27.107    55.035
 78    28.879   132.582  1000.262    24.330    71.209
 84    31.436   136.738   998.862    25.373    81.673
102  -999.000  -999.000  -999.000  -999.000  -999.000
102  -999.000  -999.000  -999.000  -999.000  -999.000
102  -999.000  -999.000  -999.000  -999.000  -999.000
108  -999.000  -999.000  -999.000  -999.000  -999.000
114  -999.000  -999.000  -999.000  -999.000  -999.000
120  -999.000  -999.000  -999.000  -999.000  -999.000
best
        9.3     140.7       15050318  
        9.5     140.1       15050400   
        9.5     139.9       15050406  
        9.6     139.6       15050412  
        9.6     139.5       15050418  
        9.5     138.9       15050500
        9.6     138.8       15050506
        9.6     138.7       15050512
        9.5     138.4       15050518
        9.3     137.6       15050600
        9.5     136.8       15050606
        9.9     136.0       15050612
       10.1     135.2       15050618
       10.5     134.3       15050700
       11.3     133.1       15050706
       11.6     132.1       15050712
       11.8     131.1       15050718
       12.0     130.2       15050800
       12.5     129.2       15050806
       13.4     128.0       15050812
       13.9     127.2       15050818
       14.3     126.4       15050900
       14.9     125.2       15050906
       15.4     124.6       15050912
       16.1     123.9       15050918
       17.0     123.3       15051000
       17.9     122.6       15051006
       18.6     122.4       15051012
       19.6     122.1       15051018
       20.7     122.1       15051100
       22.0     122.7       15051106
       23.3     123.9       15051112
       25.9     125.8       15051118
       99.9
