 FORECAST DATE (15050906) --15km
 TYPHOON - NOUL           PS
  0    14.972   125.214   965.478
  6    15.475   124.492   972.081
 12    15.834   123.760   972.731
 18    16.409   123.473   976.050
 24    17.281   122.828   977.520
 30    17.944   122.295   986.602
 36    18.519   121.509   989.141
 42    19.189   121.687   985.677
 48    20.019   121.785   986.841
 54    21.189   122.525   986.660
 60    22.680   123.384   993.538
 66    23.989   125.363   995.732
 72    25.204   127.280   996.818
 78    27.242   130.514  1000.998
 84    29.202   134.506   993.544
102  -999.000  -999.000  -999.000  -999.000  -999.000
102  -999.000  -999.000  -999.000  -999.000  -999.000
102  -999.000  -999.000  -999.000  -999.000  -999.000
108  -999.000  -999.000  -999.000  -999.000  -999.000
114  -999.000  -999.000  -999.000  -999.000  -999.000
120  -999.000  -999.000  -999.000  -999.000  -999.000
best
       14.9     125.2       15050906 
       15.4     124.6       15050912 
       16.1     123.9       15050918 
       17.0     123.3       15051000 
       17.9     122.6       15051006 
       18.6     122.4       15051012 
       19.6     122.1       15051018 
       20.7     122.1       15051100 
       22.0     122.7       15051106
       23.3     123.9       15051112
       25.9     125.8       15051118
       99.9
