 FORECAST DATE (15050906) --15km
 TYPHOON - NOUL           PS
  0    14.930   125.331   968.662
  6    15.554   124.636   976.666
 12    16.103   124.205   967.611
 18    16.788   123.702   967.857
 24    17.585   123.214   972.387
 30    18.348   122.727   976.143
 36    19.159   122.499   973.625
 42    20.326   122.408   981.097
 48    21.293   122.776   977.978
 54    22.933   123.876   980.714
 60    24.536   125.395   982.096
 66    26.603   127.548   988.558
 72    29.055   131.214   988.286
 78    32.235   135.577   990.213
 84    36.399   140.019   987.836
102  -999.000  -999.000  -999.000  -999.000  -999.000
102  -999.000  -999.000  -999.000  -999.000  -999.000
102  -999.000  -999.000  -999.000  -999.000  -999.000
108  -999.000  -999.000  -999.000  -999.000  -999.000
114  -999.000  -999.000  -999.000  -999.000  -999.000
120  -999.000  -999.000  -999.000  -999.000  -999.000
best
       14.9     125.2       15050906 
       15.4     124.6       15050912 
       16.1     123.9       15050918 
       17.0     123.3       15051000 
       17.9     122.6       15051006 
       18.6     122.4       15051012 
       19.6     122.1       15051018 
       20.7     122.1       15051100 
       22.0     122.7       15051106
       23.3     123.9       15051112
       25.9     125.8       15051118
       99.9
